100 1 27.268 9.6394906164
100 2 25.923 9.6394906164
100 4 30.188 9.6394906164
100 8 34.825 9.6394906164
100 12 46.549 9.6394906164
500 1 26.766 54.1976167866
500 2 23.898 54.1976167866
500 4 27.777 54.1976167866
500 8 38.124 54.1976167866
500 12 47.789 54.1976167866
1000 1 26.884 93.3153489764
1000 2 29.764 93.3153489764
1000 4 30.318 93.3153489764
1000 8 42.539 93.3153489764
1000 12 44.319 93.3153489764
5000 1 122.971 500.1198306426
5000 2 57.148 500.1198306426
5000 4 43.760 500.1198306426
5000 8 50.596 500.1198306426
5000 12 56.941 500.1198306426
10000 1 388.775 1053.4798650233
10000 2 141.303 1053.4798650233
10000 4 70.756 1053.4798650233
10000 8 67.627 1053.4798650233
10000 12 64.017 1053.4798650233
50000 1 7462.824 5145.7735014899
50000 2 2075.098 5145.7735014899
50000 4 649.799 5145.7735014899
50000 8 394.213 5145.7735014899
50000 12 308.670 5145.7735014899
