100 1 3.302 9.6394906164
100 2 4.225 9.6394906164
100 4 7.467 9.6394906164
100 8 16.643 9.6394906164
100 12 4090.934 9.6394906164
500 1 5.133 54.1976167866
500 2 9.131 54.1976167866
500 4 9.999 54.1976167866
500 8 19.135 54.1976167866
500 12 1307.825 54.1976167866
1000 1 9.450 93.3153489764
1000 2 14.832 93.3153489764
1000 4 13.809 93.3153489764
1000 8 21.715 93.3153489764
1000 12 4145.261 93.3153489764
5000 1 117.142 500.1198306426
5000 2 75.302 500.1198306426
5000 4 54.781 500.1198306426
5000 8 83.074 500.1198306426
5000 12 4127.838 500.1198306426
10000 1 393.868 1053.4798650233
10000 2 192.583 1053.4798650233
10000 4 122.124 1053.4798650233
10000 8 114.091 1053.4798650233
10000 12 4177.669 1053.4798650233
50000 1 7542.677 5145.7735014899
50000 2 2528.590 5145.7735014899
50000 4 1157.342 5145.7735014899
50000 8 745.383 5145.7735014899
50000 12 3949.927 5145.7735014899
