100 1 1.023 9.6394906164
100 2 11.404 9.6394906164
100 4 28.440 9.6394906164
100 8 134.109 9.6394906164
100 12 220.434 9.6394906164
500 1 3.353 54.1976167866
500 2 12.684 54.1976167866
500 4 31.727 54.1976167866
500 8 153.201 54.1976167866
500 12 240.158 54.1976167866
1000 1 7.804 93.3153489764
1000 2 21.415 93.3153489764
1000 4 35.637 93.3153489764
1000 8 207.822 93.3153489764
1000 12 221.313 93.3153489764
5000 1 87.010 500.1198306426
5000 2 55.993 500.1198306426
5000 4 58.440 500.1198306426
5000 8 209.694 500.1198306426
5000 12 340.851 500.1198306426
10000 1 306.905 1053.4798650233
10000 2 137.224 1053.4798650233
10000 4 78.528 1053.4798650233
10000 8 268.382 1053.4798650233
10000 12 396.416 1053.4798650233
50000 1 7310.968 5145.7735014899
50000 2 2163.729 5145.7735014899
50000 4 692.271 5145.7735014899
50000 8 512.152 5145.7735014899
50000 12 737.047 5145.7735014899
100000 1 29217.100 10275.2452545549
100000 2 7885.686 10275.2452545548
100000 4 2292.678 10275.2452545548
100000 8 1375.140 10275.2452545548
100000 12 1268.943 10275.2452545548
100000 12 1472.685 10275.2452545548
