100 1 0.884 21.6757163406
100 2 1.619 21.6757163406
100 4 1.846 21.6757163406
100 8 2.068 21.6757163406
100 12 2.098 21.6757163406
500 1 2.518 105.4921776852
500 2 6.029 105.4921776852
500 4 5.465 105.4921776852
500 8 4.775 105.4921776852
500 12 4.463 105.4921776852
1000 1 4.021 196.4862716910
1000 2 12.585 196.4862716910
1000 4 9.752 196.4862716910
1000 8 8.040 196.4862716910
1000 12 19.967 196.4862716910
5000 1 19.905 1014.3293263904
5000 2 56.393 1014.3293263904
5000 4 44.417 1014.3293263904
5000 8 35.493 1014.3293263904
5000 12 53.060 1014.3293263904
10000 1 40.062 2046.4542533141
10000 2 114.275 2046.4542533141
10000 4 87.974 2046.4542533141
10000 8 71.960 2046.4542533141
10000 12 125.140 2046.4542533141
50000 1 195.143 10274.3605185454
50000 2 536.750 10274.3605185454
50000 4 424.988 10274.3605185454
50000 8 346.016 10274.3605185454
50000 12 368.198 10274.3605185454
100000 1 397.007 20531.3608872819
100000 2 1065.584 20531.3608872820
100000 4 863.400 20531.3608872821
100000 8 862.626 20531.3608872821
100000 12 831.675 20531.3608872821
100000 12 776.897 20531.3608872821
