100 1 2.988 9.6394906164
100 2 5.219 9.6394906164
100 4 7.627 9.6394906164
100 8 27.651 9.6394906164
100 12 2931.095 9.6394906164
500 1 6.924 54.1976167866
500 2 8.825 54.1976167866
500 4 13.234 54.1976167866
500 8 22.862 54.1976167866
500 12 2024.302 54.1976167866
1000 1 9.759 93.3153489764
1000 2 15.381 93.3153489764
1000 4 14.309 93.3153489764
1000 8 28.154 93.3153489764
1000 12 3311.528 93.3153489764
5000 1 116.822 500.1198306426
5000 2 79.244 500.1198306426
5000 4 53.789 500.1198306426
5000 8 65.568 500.1198306426
5000 12 4086.501 500.1198306426
10000 1 394.043 1053.4798650233
10000 2 198.940 1053.4798650233
10000 4 125.588 1053.4798650233
10000 8 129.676 1053.4798650233
10000 12 3973.902 1053.4798650233
50000 1 7641.081 5145.7735014899
50000 2 2440.521 5145.7735014899
50000 4 1216.309 5145.7735014899
50000 8 647.139 5145.7735014899
50000 12 4234.299 5145.7735014899
100000 1 29538.073 10275.2452545549
100000 2 8502.048 10275.2452545548
100000 4 2988.672 10275.2452545548
100000 8 1887.827 10275.2452545548
100000 12 4955.657 10275.2452545548
100000 12 4923.897 10275.2452545548
