100 1 1.148 9.6394906164
100 2 10.751 9.6394906164
100 4 29.707 9.6394906164
100 8 110.150 9.6394906164
100 12 194.058 9.6394906164
500 1 3.086 54.1976167866
500 2 12.337 54.1976167866
500 4 29.047 54.1976167866
500 8 108.114 54.1976167866
500 12 210.879 54.1976167866
1000 1 7.303 93.3153489764
1000 2 16.312 93.3153489764
1000 4 31.883 93.3153489764
1000 8 95.562 93.3153489764
1000 12 223.808 93.3153489764
5000 1 82.872 500.1198306426
5000 2 51.127 500.1198306426
5000 4 44.195 500.1198306426
5000 8 131.724 500.1198306426
5000 12 300.269 500.1198306426
10000 1 307.166 1053.4798650233
10000 2 130.115 1053.4798650233
10000 4 72.021 1053.4798650233
10000 8 135.960 1053.4798650233
10000 12 365.422 1053.4798650233
50000 1 7103.511 5145.7735014899
50000 2 2056.167 5145.7735014899
50000 4 653.984 5145.7735014899
50000 8 405.482 5145.7735014899
50000 12 745.331 5145.7735014899
100000 1 28702.415 10275.2452545549
100000 2 7790.057 10275.2452545548
100000 4 2212.216 10275.2452545548
100000 8 1224.917 10275.2452545548
100000 12 1256.383 10275.2452545548
100000 12 1421.540 10275.2452545548
